error(train): 0.214167
error(test): 0.255000