error(train): 0.314286
error(test): 0.360000