error(train): 0.049167
error(test): 0.150000