error(train): 0.367500
error(test): 0.377500