error(train): 0.07142857142857142
error(test): 0.14285714285714285