error(train): 0.073826
error(test): 0.192771