error(train): 0.067114
error(test): 0.204819